


[]
[[3.27836418, 3.45491385, 0.        ]]
[[3.16938543, 3.46986294, 0.        ]]
[[3.00865936, 3.40841866, 0.        ]]
[[2.55908751, 3.53498244, 0.        ]]
[[2.82210231, 3.47678638, 0.        ]]
[[2.79272676, 3.31761503, 0.        ]]
[[ 0.0552747 , -0.05134757,  0.        ]]
[[ 0.05543751, -0.05149881,  0.        ],
 [ 3.0054853 ,  3.08183289,  0.        ],
 [ 2.10591221,  4.87415075,  0.        ]]
[]
[[2.71002531, 3.49341989, 0.        ]]
[[2.44327116, 3.45946765, 0.        ]]
[[2.84545898, 2.7358675 , 0.        ]]
[[2.49040103, 2.50441194, 0.        ]]
[[3.18134284, 2.16921639, 0.        ]]
[[2.32082939, 3.83739901, 0.        ]]
[[2.88694096, 3.51783133, 0.        ]]
[[2.41644311, 3.23902965, 0.        ]]
[[2.28654027, 3.21121311, 0.        ]]
[[1.97162116, 3.38158274, 0.        ]]
[[2.39076805, 2.89387083, 0.        ]]
[[2.79991531, 2.56363583, 0.        ]]
[[2.86816549, 2.77981496, 0.        ]]
[[3.18482471, 3.24299026, 0.        ]]
[[2.6306839 , 2.56206632, 0.        ]]
[[2.3616035 , 1.97706461, 0.        ]]
[]
[[2.04719925, 2.33457541, 0.        ]]
[[2.0064714, 2.2875905, 0.       ]]
[[1.88028872, 2.51470542, 0.        ]]
[[1.82650769, 2.44201589, 0.        ]]
[[1.91513717, 2.06542993, 0.        ]]
[[2.42416   , 2.02275538, 0.        ]]
[[3.04935288, 0.28773934, 0.        ],
 [2.66677785, 2.11385036, 0.        ]]
[[2.62331271, 1.21605706, 0.        ]]
[]
[[1.81024086, 1.53582227, 0.        ]]
[]
[[1.83985162, 1.35715985, 0.        ],
 [3.86710763, 2.5207026 , 0.        ]]
[]
[]
[[2.71882868, 0.73772466, 0.        ]]
[[2.63102436, 0.67947066, 0.        ]]
[[2.60205555, 0.42338097, 0.        ]]
[[2.30973792, 0.64977527, 0.        ]]
[[2.468014  , 0.21423383, 0.        ]]
[[ 2.63272953, -0.15538494,  0.        ]]
[[ 2.54513168, -0.05773716,  0.        ]]
[[2.35886621, 0.08937788, 0.        ]]
[[ 2.33623123, -0.24240923,  0.        ]]
[[ 2.6854949 , -0.49509424,  0.        ]]
[[ 2.25031137, -0.85292417,  0.        ]]
[[ 2.27947354, -0.75287288,  0.        ]]
[[ 2.46981668, -0.66956508,  0.        ]]
[[ 2.62873936, -0.59432036,  0.        ]]
[[ 2.65773821, -0.73076063,  0.        ]]
[[ 2.57399726, -0.69089586,  0.        ],
 [ 1.1898421 ,  1.24249947,  0.        ]]
[[ 2.32847881, -1.04254115,  0.        ]]
[[ 2.41436434, -1.03761971,  0.        ]]
[[ 2.51367903, -1.15422165,  0.        ]]
[]
[[ 2.88361835, -1.31644082,  0.        ]]
[[ 3.12737298, -1.27831733,  0.        ]]
[[ 0.06731298,  0.04865377,  0.        ],
 [ 2.93927312, -1.54408133,  0.        ]]
[[ 0.04982049, -0.04628087,  0.        ],
 [ 2.87438035, -1.71719992,  0.        ]]
[[ 0.58633953,  0.3710511 ,  0.        ],
 [ 2.87541366, -1.90695059,  0.        ]]
[[ 0.31323931,  0.19441815,  0.        ],
 [ 2.85713053, -2.10354042,  0.        ]]
[[0.20908326, 0.1218471 , 0.        ]]
[[ 0.3779881 ,  0.22117563,  0.        ],
 [ 3.53907633, -2.67722654,  0.        ]]
[[ 3.5610342 , -2.79905272,  0.        ],
 [ 0.32137275,  0.18412811,  0.        ]]
[[ 3.78889966, -3.09955239,  0.        ],
 [ 0.38938299,  0.18620501,  0.        ]]
[[0.59376109, 0.26532719, 0.        ]]
[[0.62103015, 0.25684756, 0.        ]]
[[0.51348829, 0.19047686, 0.        ]]
[[0.87808263, 0.2908788 , 0.        ]]
[[0.37941453, 0.12015251, 0.        ]]
[[0.70333123, 0.27592254, 0.        ]]
[[0.8312763 , 0.21531565, 0.        ]]
[[0.13754386, 0.0300012 , 0.        ]]
[]
[[0.44351164, 0.05824843, 0.        ]]
[[0.57597131, 0.06778015, 0.        ]]
[[0.72082442, 0.07507879, 0.        ]]
[]
[]
[]
[]
[[ 0.75031662, -0.06223248,  0.        ]]
[[ 0.6262691 , -0.07333376,  0.        ]]
[[ 0.43871158, -0.07055946,  0.        ]]
[[ 0.56784189, -0.09683526,  0.        ]]
[[3.94776177, 1.35836875, 0.        ]]
[[ 0.78452468, -0.22749591,  0.        ],
 [ 3.93736863,  1.19731438,  0.        ]]
[[ 0.95300567, -0.27270603,  0.        ]]
[[ 0.69784337, -0.21290866,  0.        ]]
[[ 0.19536215, -0.08046771,  0.        ]]
[[ 0.32849324, -0.15644583,  0.        ]]
[[ 0.64602929, -0.32769421,  0.        ]]
[[ 0.73551899, -0.40189114,  0.        ]]
[[ 0.46384135, -0.27035967,  0.        ]]
[[ 0.3857002 , -0.24094994,  0.        ]]
[[ 0.29506105, -0.19420412,  0.        ]]
[[ 0.28170305, -0.19754657,  0.        ]]
[[ 0.28684449, -0.21390082,  0.        ]]
[[ 0.34364259, -0.27310714,  0.        ]]
[[ 0.42903098, -0.35857725,  0.        ]]
[[ 0.46517739, -0.41135922,  0.        ]]
[[ 0.32627946, -0.29573178,  0.        ]]
[]
[[ 0.07940262, -0.07467412,  0.        ]]
[]
[]
[]
[]
[]
[]
[]
[]
[]
[]
[]
[]
[]
[]
[[ 4.09054565, -3.20566487,  0.        ]]
[]
[]
[]
[]
[]
[]
[]
[]
[]
[]
[]
[]
[]
[]
[]
[]
[]
[]
[]
[]
[[ 0.00875343, -0.02208292,  0.        ]]
[[ 0.00489279, -0.01863236,  0.        ]]
[[ 0.01125585, -0.02749377,  0.        ]]
[]
[]
[]
[[ 0.11072927, -0.39519718,  0.        ]]
[[ 0.10979486, -0.35915089,  0.        ]]
[]
[]
[[0.13727373, 4.63275623, 0.        ]]
[]
[]
[[ 0.22401479, -0.7603417 ,  0.        ]]
[]
[]
[]
[]
[]
[[1.15761697, 3.46960616, 0.        ]]
[[0.88160872, 3.39758492, 0.        ]]
[[1.29424787, 3.37131882, 0.        ]]
[[1.08153141, 3.19941473, 0.        ]]
[[1.27685392, 3.24515986, 0.        ]]
[[1.09117186, 2.85359883, 0.        ]]
[[0.93642181, 2.62459779, 0.        ]]
[[ 0.02260103, -0.1314919 ,  0.        ],
 [ 0.84965044,  2.4604342 ,  0.        ]]
[[ 0.01855772, -0.06549298,  0.        ],
 [ 0.90257043,  2.34009576,  0.        ]]
[[0.55947065, 4.1775918 , 0.        ]]
[[0.39912498, 3.77408504, 0.        ]]
[[1.57424176, 2.19928837, 0.        ],
 [0.56602883, 3.70356774, 0.        ]]
[[ 0.04605589, -0.27716336,  0.        ],
 [ 1.3972826 ,  2.05551386,  0.        ],
 [ 0.76687497,  3.58900809,  0.        ]]
[[ 0.03332421, -0.19626854,  0.        ],
 [ 1.11557961,  2.65475249,  0.        ]]
[[ 0.05334005, -0.46465126,  0.        ],
 [ 1.21778286,  2.23305941,  0.        ]]
[]
[]
[]
[]
[]
[]
[[0.36476722, 0.80686045, 0.        ]]
[[0.2624341 , 0.49355859, 0.        ]]
[[0.91602725, 0.84819102, 0.        ]]
[[0.13086966, 0.25473329, 0.        ],
 [2.13657188, 1.61028171, 0.        ],
 [0.39645728, 4.8265357 , 0.        ]]
[[0.52956569, 4.49634075, 0.        ]]
[[0.38256198, 0.43443006, 0.        ],
 [2.72994375, 0.91323203, 0.        ],
 [0.77062887, 4.25941563, 0.        ]]
[[0.36252743, 0.34323412, 0.        ],
 [1.08225799, 4.40536594, 0.        ]]
[[0.21453914, 0.16623133, 0.        ]]
[[2.30877209, 1.07068026, 0.        ]]
[[2.44098783, 0.91893655, 0.        ],
 [0.12424942, 3.98489475, 0.        ]]
[]
[]
[[0.16893333, 0.09933518, 0.        ],
 [4.03795195, 0.54025215, 0.        ],
 [0.41775545, 3.64879918, 0.        ]]
[[0.14301963, 0.07040863, 0.        ],
 [3.71536279, 0.50265235, 0.        ],
 [0.47376817, 3.47279024, 0.        ]]
[[0.19083586, 0.06795424, 0.        ],
 [4.04004478, 0.29635561, 0.        ],
 [0.54398566, 3.33213401, 0.        ]]
[[0.21907468, 0.06683241, 0.        ],
 [4.07506466, 0.10207247, 0.        ],
 [0.62281889, 3.21859169, 0.        ]]
[[ 0.33166915,  0.13974872,  0.        ],
 [ 4.21063471, -0.11438949,  0.        ],
 [ 0.64781022,  3.54994345,  0.        ]]
[[0.5089314 , 0.12385076, 0.        ],
 [0.66516119, 3.61362362, 0.        ]]
[[0.58295321, 0.16035959, 0.        ],
 [4.72612715, 0.10433593, 0.        ],
 [0.80302429, 3.44261074, 0.        ]]
[]
[[ 4.52378607, -0.20929651,  0.        ]]
[]
[[0.24395771, 0.3036879 , 0.        ],
 [1.22461641, 2.39726615, 0.        ]]
[[ 0.2133719 ,  0.37870479,  0.        ],
 [ 4.41675377, -1.22384548,  0.        ]]
[[ 0.17391384,  0.36921456,  0.        ],
 [ 4.46901131, -1.19676197,  0.        ]]
[[0.47170961, 0.70439494, 0.        ],
 [4.18613434, 0.85347736, 0.        ]]
[[0.76144946, 0.76912069, 0.        ],
 [4.38390779, 0.75726759, 0.        ],
 [0.50836205, 4.51647282, 0.        ]]
[[4.68958807, 0.48889151, 0.        ],
 [0.68611437, 4.31035328, 0.        ]]
[[4.6995635 , 0.31097874, 0.        ],
 [0.75220466, 4.50416422, 0.        ]]
[[4.6381464, 0.0165964, 0.       ]]
[[0.93871373, 0.24570027, 0.        ],
 [4.46459436, 0.05960294, 0.        ]]
[]
[[4.53321314, 0.18591619, 0.        ]]
[[ 0.65479386, -0.01319131,  0.        ]]
[[ 0.57742351, -0.13127904,  0.        ],
 [ 4.70140409, -0.19584642,  0.        ],
 [ 1.77547896,  3.83057785,  0.        ]]
[[ 0.91325635, -0.14321323,  0.        ]]
[[ 0.5504716, -0.1398405,  0.       ]]
[[ 0.42382851, -0.11382658,  0.        ]]
[[ 0.30040956, -0.01765236,  0.        ]]
[[ 0.31293374, -0.08513475,  0.        ]]
[[ 0.37519649, -0.06982481,  0.        ]]
[[ 0.67714065, -0.14372221,  0.        ]]
[[ 0.7647658 , -0.29090077,  0.        ]]
[[ 0.68018275, -0.27069658,  0.        ]]
[[ 0.58002031, -0.2395971 ,  0.        ]]
[[ 0.58737963, -0.18844523,  0.        ]]
[[ 0.6007368 , -0.19261304,  0.        ],
 [ 4.0638504 ,  0.8760885 ,  0.        ]]
[[ 0.6986239 , -0.18936406,  0.        ],
 [ 4.31476974,  0.78435296,  0.        ]]
[[ 0.75470555, -0.26595908,  0.        ],
 [ 4.62775564,  0.55814558,  0.        ]]
[[ 0.62851471, -0.32810196,  0.        ],
 [ 4.6969347 ,  0.1443051 ,  0.        ]]
[[ 1.2704246 , -0.70931876,  0.        ],
 [ 4.61765766, -0.02770769,  0.        ]]
[[ 1.52427864, -0.9515695 ,  0.        ],
 [ 4.61337709, -0.06881265,  0.        ]]
[[ 0.7071982 , -0.36799949,  0.        ],
 [ 4.75863075, -0.16565238,  0.        ]]
[[ 0.58659637, -0.48517615,  0.        ]]
[[ 0.40834662, -0.30861792,  0.        ]]
[[ 0.1987637 , -0.10240892,  0.        ]]
[[ 0.13040578, -0.19350386,  0.        ]]
[]
[]
[]
[[ 0.08800245, -0.12498799,  0.        ]]
[[ 0.12242223, -0.17475504,  0.        ]]
[]
[]
[]
[[ 2.43468881, -1.83855557,  0.        ]]
[[ 2.55290222, -1.93225777,  0.        ]]
[]
[]
[]
[]
[]
[]
[]
[]
[]
[]
[]
[]
[]
[[ 2.75420737, -2.40743709,  0.        ]]
[]
[]
[]
[]
[]
[]
[]
[[ 0.23569147, -0.60902804,  0.        ]]
[]
[]
[]
[]
[]
[]
[]
[[ 0.07305394, -0.36987263,  0.        ]]
[]
[]
[]
[]
[[1.12625718, 4.53099918, 0.        ]]
[]
[]
[]
[]
[]
[]
[]
[]
[]
[]
[]
[[0.54533255, 5.03117228, 0.        ]]
[]
[]
[]
[]
[[ 0.0742965 , -0.41421127,  0.        ]]
[]
[]
[]
[[0.6599465 , 3.94891906, 0.        ]]
[[0.16930386, 3.67082739, 0.        ]]
[[0.47060922, 3.77485728, 0.        ]]
[[0.55875355, 3.59544516, 0.        ]]
[[0.48181206, 3.36323595, 0.        ]]
[[0.80004156, 3.44388628, 0.        ]]
[[ 0.11424842, -0.26316613,  0.        ],
 [ 0.60490578,  3.52659154,  0.        ]]
[[0.58759391, 3.47444844, 0.        ]]
[[0.45109251, 4.56914234, 0.        ]]
[]
[]
[]
[[1.13966858, 3.04512382, 0.        ]]
[[1.20499575, 2.46036124, 0.        ]]
[[1.22814405, 2.28879428, 0.        ]]
[[ 0.00624685, -0.1052443 ,  0.        ],
 [ 1.38522804,  2.28487539,  0.        ]]
[]
[[1.29387581, 1.80363798, 0.        ]]
[[1.53691328, 2.11412907, 0.        ]]
[[1.68445253, 2.1894927 , 0.        ]]
[[1.70586336, 1.59521782, 0.        ]]
[[1.74252999, 1.55704713, 0.        ]]
[]
[]
[[2.13682389, 1.44075501, 0.        ]]
[[2.08227706, 1.37849605, 0.        ]]
[[ 0.09443764, -0.21844426,  0.        ]]
[]
[[2.50156474, 1.09907222, 0.        ]]
[[2.67475438, 1.13411367, 0.        ]]
[[2.7975018 , 1.25633943, 0.        ]]
[[2.7056942, 1.0239501, 0.       ]]
[[2.80463076, 0.82876229, 0.        ]]
[[2.70235157, 0.54649973, 0.        ]]
[]
[[3.57478452, 0.44833013, 0.        ]]
[[3.8190887 , 0.53797472, 0.        ]]
[[3.49632025, 0.59125477, 0.        ]]
[[3.58486938, 0.46903831, 0.        ]]
[[3.86210656, 0.36805579, 0.        ]]
[[4.08894253, 0.38334352, 0.        ]]
[[4.82499695, 0.32529905, 0.        ]]
[[4.37712193, 0.08105303, 0.        ]]
[[ 4.16904545, -0.09126163,  0.        ]]
[[ 4.05035114, -0.22659919,  0.        ]]
[[ 3.92233467, -0.3746621 ,  0.        ]]
[[ 3.99401927, -0.48882765,  0.        ]]
[[ 4.07152224, -0.69131678,  0.        ]]
[[ 4.11361265, -0.8316322 ,  0.        ]]
[[ 4.04680443, -0.99572945,  0.        ]]
[]
[[ 3.98902345, -1.24883747,  0.        ],
 [ 0.13022284,  4.62495661,  0.        ]]
[[0.1269117 , 4.00578594, 0.        ]]
[]
[[ 4.22953987, -1.48596346,  0.        ]]
[[ 0.0435079 , -0.21939084,  0.        ],
 [ 4.20427322, -1.66651797,  0.        ]]
[[ 4.32967472, -1.71515775,  0.        ],
 [ 0.51845157,  3.52533197,  0.        ]]
[]
[]
[]
[[0.60722512, 2.89630032, 0.        ],
 [0.25736111, 5.28549194, 0.        ]]
[[0.5980565 , 3.55326629, 0.        ]]
[[ 4.8419776 , -2.19592333,  0.        ],
 [ 0.67046815,  3.54522181,  0.        ]]
[[ 5.01628208, -1.96441853,  0.        ],
 [ 0.89277983,  3.3534832 ,  0.        ]]
[[ 4.967031  , -1.86763346,  0.        ],
 [ 0.98224521,  3.2635653 ,  0.        ]]
[[ 4.88720179, -1.92415261,  0.        ],
 [ 1.06055081,  2.46879482,  0.        ]]
[[ 4.84100866, -1.97229695,  0.        ],
 [ 1.11238766,  2.36673546,  0.        ],
 [ 0.63716477,  4.94923735,  0.        ]]
[[1.16940308, 4.52242994, 0.        ]]
[[ 4.77491522, -1.08650172,  0.        ]]
[[ 4.76233912, -0.89903188,  0.        ],
 [ 1.18430912,  2.01784015,  0.        ]]
[]
[[ 4.56754732, -0.78966147,  0.        ]]
[[1.29980218, 1.73793268, 0.        ]]
[[ 0.1000251 , -0.2845844 ,  0.        ],
 [ 1.29264557,  1.98970175,  0.        ]]
[[1.17591631, 1.6603241 , 0.        ],
 [2.21442652, 3.36193585, 0.        ]]
[[1.1136837 , 1.60895836, 0.        ],
 [2.1151669 , 3.52615738, 0.        ]]
[[ 0.12627317, -0.26392704,  0.        ],
 [ 0.75902009,  1.57631564,  0.        ]]
[[ 4.23307133, -0.03878368,  0.        ],
 [ 0.96043181,  1.45065188,  0.        ]]
[[3.97106934, 0.1115319 , 0.        ],
 [0.98668915, 1.38053143, 0.        ]]
[[0.41736174, 0.63783693, 0.        ],
 [3.71784353, 0.35794529, 0.        ]]
[[3.90551424, 0.30296141, 0.        ],
 [0.52119559, 0.65794104, 0.        ],
 [0.55211848, 4.58980703, 0.        ]]
[[0.61486453, 4.36025333, 0.        ]]
[[1.03136539, 4.2529068 , 0.        ]]
[[1.2097739 , 4.45760775, 0.        ]]
[]
[]
[[2.09842849, 3.46392679, 0.        ]]
[[2.19001365, 3.45023155, 0.        ]]
[[0.74749029, 0.10830655, 0.        ],
 [4.23723507, 0.8600772 , 0.        ]]
[[ 0.2502858 ,  0.07375705,  0.        ],
 [ 2.71740699, -0.21652126,  0.        ],
 [ 4.50297976,  0.59581238,  0.        ]]
[[0.50545776, 0.07017946, 0.        ],
 [2.49851084, 0.92666817, 0.        ]]
[[ 2.88864923, -0.34585106,  0.        ]]
[[0.74074149, 0.01789726, 0.        ],
 [2.59838605, 1.69464576, 0.        ]]
[[ 0.58761287, -0.04935947,  0.        ],
 [ 2.84774446,  1.5482775 ,  0.        ]]
[[ 0.57520914, -0.18053405,  0.        ],
 [ 4.25102711,  0.80946612,  0.        ],
 [ 1.93059134,  2.20154023,  0.        ]]
[[ 2.2427125 , -0.49520597,  0.        ],
 [ 4.57866287,  0.59312159,  0.        ],
 [ 1.75006032,  1.94278145,  0.        ]]
[[ 2.33344722, -0.6244871 ,  0.        ],
 [ 4.75375414,  0.2920188 ,  0.        ],
 [ 1.67032123,  2.05487609,  0.        ]]
[[1.51958549, 2.46372247, 0.        ]]
[[ 4.35232449, -0.44962186,  0.        ],
 [ 1.48823917,  2.45970845,  0.        ]]
[[1.59525764, 3.27160358, 0.        ]]
[[ 1.79373515, -1.00437689,  0.        ],
 [ 1.64104712,  2.87642789,  0.        ]]
[[ 2.01465297, -0.91609883,  0.        ],
 [ 1.37811208,  2.85005212,  0.        ]]
[[ 0.05140516, -0.26865795,  0.        ],
 [ 2.10830498, -1.03274715,  0.        ],
 [ 1.21123993,  2.8659451 ,  0.        ]]
[[1.05772567, 2.9323175 , 0.        ]]
[[1.03203189, 3.14823675, 0.        ]]
[[0.73905927, 3.13063478, 0.        ]]
[[0.56711286, 3.26297092, 0.        ]]
[[0.73406827, 3.73718858, 0.        ]]
[[0.6503858, 3.8148241, 0.       ]]
[[0.541632  , 4.11101294, 0.        ]]
[[0.56548768, 4.07890654, 0.        ]]
[[0.58334285, 4.21450043, 0.        ]]
[[0.36049482, 4.30330467, 0.        ]]
[[0.3249566 , 4.50003624, 0.        ]]
[]
[[0.09881517, 2.64793825, 0.        ]]
[[0.16899575, 2.48694181, 0.        ]]
[[0.26676524, 2.39345074, 0.        ]]
[[0.29209363, 2.17851996, 0.        ]]
[[0.3171638 , 1.97628069, 0.        ]]
[[0.38528839, 1.86984909, 0.        ]]
[[0.46592495, 1.74656355, 0.        ]]
[[0.27394158, 0.85936576, 0.        ]]
[[0.40748039, 4.69183397, 0.        ]]
[[0.52448922, 1.12147892, 0.        ],
 [0.54476786, 4.55560398, 0.        ]]
[[0.38947523, 0.72869784, 0.        ],
 [0.72083104, 4.28874779, 0.        ]]
[]
[[0.96836507, 1.25783706, 0.        ],
 [0.86745739, 4.78827477, 0.        ]]
[[1.0378499, 4.6111021, 0.       ]]
[[0.53819925, 0.47485131, 0.        ]]
[[0.85517395, 0.67343676, 0.        ],
 [2.22988319, 3.23841166, 0.        ]]
[[0.64836711, 0.41097048, 0.        ],
 [2.24505806, 3.39864492, 0.        ]]
[[0.5845899, 0.2636154, 0.       ]]
[[0.42832592, 0.1407174 , 0.        ],
 [0.27458587, 2.6622684 , 0.        ]]
[[1.47149777, 0.45197394, 0.        ],
 [0.39020211, 2.60710788, 0.        ]]
[[0.42338151, 2.38770151, 0.        ]]
[[0.27653572, 1.42779136, 0.        ],
 [1.55588293, 0.40027761, 0.        ],
 [3.11554861, 1.82831895, 0.        ]]
[[3.20959783, 1.72140372, 0.        ]]
[[1.63341224, 0.14805295, 0.        ],
 [3.35181308, 1.56603062, 0.        ],
 [0.32190233, 1.2008276 , 0.        ]]
[[1.75654483, 0.04805463, 0.        ]]
[[0.26138473, 0.62581891, 0.        ],
 [0.4317922 , 4.65114689, 0.        ]]
[[0.2650314 , 0.51283538, 0.        ],
 [4.21936941, 0.82120866, 0.        ],
 [0.64310902, 4.34861231, 0.        ]]
[[ 2.13946462, -0.41177872,  0.        ],
 [ 4.51518011,  0.65854287,  0.        ],
 [ 0.56340176,  0.86928427,  0.        ],
 [ 0.7089085 ,  4.35665369,  0.        ]]
[[4.59270954, 0.58820373, 0.        ],
 [0.32937041, 0.45300323, 0.        ],
 [0.7158004 , 4.83785963, 0.        ]]
[[ 0.34205389,  0.37503144,  0.        ],
 [ 2.17653441, -0.47583002,  0.        ],
 [ 4.71984911,  0.21752107,  0.        ]]
[[ 4.46769029e-01,  4.16045994e-01,  0.00000000e+00],
 [ 2.27659822e+00, -5.73578656e-01,  0.00000000e+00],
 [ 4.64118338e+00,  3.25456448e-03,  0.00000000e+00],
 [ 1.60990167e+00,  3.99519944e+00,  0.00000000e+00]]
[[ 0.70523065,  0.62729073,  0.        ],
 [ 4.57548714, -0.28836134,  0.        ],
 [ 2.03213215,  3.54778695,  0.        ]]
[[ 4.71164322, -0.47370616,  0.        ],
 [ 2.26344609,  3.36582279,  0.        ]]
[]
[[0.51603526, 0.22222582, 0.        ]]
[[ 2.69099736, -1.17231798,  0.        ],
 [ 0.35503098,  0.06593368,  0.        ]]
[[0.53808212, 0.05195063, 0.        ],
 [4.18260431, 0.86822206, 0.        ]]
[[0.9228788, 0.1381842, 0.       ]]
[[1.27468002, 0.1046965 , 0.        ],
 [3.94614744, 0.99499977, 0.        ]]
[[1.05003822, 0.08880496, 0.        ],
 [4.54681587, 0.22127397, 0.        ]]
[[ 0.66835636, -0.02725768,  0.        ]]
[[ 0.66449589, -0.10287041,  0.        ],
 [ 4.49813795, -0.0507357 ,  0.        ]]
[[ 1.75348246, -0.48245591,  0.        ],
 [ 4.23167324,  0.75463665,  0.        ]]
[[ 0.92168564, -0.34868848,  0.        ],
 [ 4.34593678,  0.76056588,  0.        ],
 [ 0.92576706,  4.71288013,  0.        ]]
[[ 4.48582745, -1.53205884,  0.        ],
 [ 1.93380439, -0.60596323,  0.        ],
 [ 4.67773581,  0.5029487 ,  0.        ]]
[[ 4.44146156, -0.94233429,  0.        ],
 [ 2.12130451, -0.55531329,  0.        ]]
[[ 2.2611537 , -0.62328708,  0.        ],
 [ 4.69395733, -0.07871391,  0.        ]]
[[ 2.45865536, -0.66582835,  0.        ]]
[[ 2.53406167, -0.88957363,  0.        ],
 [ 4.56665945, -0.2073184 ,  0.        ]]
[[ 0.03633477, -0.18375804,  0.        ],
 [ 2.49953938, -1.16404915,  0.        ]]
[[ 3.12749386, -1.04439294,  0.        ]]
[[ 3.59040737, -0.72310615,  0.        ]]
[[ 3.42916679, -0.87768811,  0.        ]]
[[ 3.56898522, -0.80156487,  0.        ]]
[]
[[ 3.65895081, -0.96353215,  0.        ]]
[]
[[ 3.54243302, -0.30737945,  0.        ]]
[[0.07132849, 2.26787663, 0.        ]]
[[ 0.16805983, -0.38593197,  0.        ],
 [ 3.78312111,  0.17484991,  0.        ],
 [ 0.15583381,  2.17081237,  0.        ]]
[[ 3.83112526, -2.10629725,  0.        ],
 [ 4.75313234,  0.12044962,  0.        ],
 [ 2.71959853,  0.44906572,  0.        ],
 [ 0.21121524,  2.10500884,  0.        ]]
[[3.80570149, 0.4833872 , 0.        ],
 [0.30128565, 1.98236477, 0.        ]]
[[4.65182495, 0.24143425, 0.        ],
 [2.64588189, 0.68830717, 0.        ],
 [0.35631233, 1.84933305, 0.        ]]
[[3.46329618, 0.78889847, 0.        ],
 [0.43738031, 1.70435011, 0.        ]]
[[ 4.2921958 , -2.24097848,  0.        ],
 [ 4.21084785,  0.87184566,  0.        ],
 [ 2.35341573,  0.85906917,  0.        ],
 [ 0.52219731,  1.60383928,  0.        ]]
[[2.66487098, 1.21331894, 0.        ]]
[[ 0.01289506, -0.07563923,  0.        ],
 [ 2.32033372,  1.11769187,  0.        ]]
[[0.72438699, 0.63337481, 0.        ],
 [0.33746639, 4.91216755, 0.        ]]
[[0.52689475, 4.56034756, 0.        ]]
[[0.6544739 , 4.56656981, 0.        ]]
[[0.8775214 , 4.60604429, 0.        ]]
[[2.00696659, 1.56624186, 0.        ]]
[[0.16285627, 0.13169663, 0.        ]]
[[1.61435044, 3.85870099, 0.        ]]
[]
[[0.39940071, 0.40920916, 0.        ]]
[[0.1966752 , 0.06743617, 0.        ],
 [2.38120103, 3.25663161, 0.        ]]
[[0.49589339, 0.07692553, 0.        ],
 [1.31068802, 2.48165917, 0.        ]]
[[0.70655197, 0.11982744, 0.        ],
 [3.12040424, 1.83115673, 0.        ]]
[[0.76770234, 0.05173106, 0.        ],
 [3.2145896 , 1.67665935, 0.        ],
 [0.79493225, 2.5406642 , 0.        ]]
[[ 0.39665723, -0.02973111,  0.        ],
 [ 3.29440856,  1.5776875 ,  0.        ],
 [ 0.59537452,  2.63413644,  0.        ]]
[[ 0.31914318, -0.01966213,  0.        ],
 [ 4.02670765,  0.91968238,  0.        ],
 [ 0.43972942,  2.7986846 ,  0.        ]]
[[ 0.52224219, -0.05951715,  0.        ],
 [ 4.2611928 ,  0.81065196,  0.        ],
 [ 0.9597401 ,  4.69907761,  0.        ],
 [ 0.36805531,  2.8682301 ,  0.        ]]
[[ 0.82165653, -0.14483835,  0.        ],
 [ 4.56831455,  0.59146023,  0.        ],
 [ 0.63071716,  3.7514255 ,  0.        ]]
[[ 1.53313589, -0.34713927,  0.        ],
 [ 4.74256277,  0.27447477,  0.        ],
 [ 0.63796097,  4.14186668,  0.        ]]
[[ 1.6456275 , -0.47358087,  0.        ],
 [ 4.66791153,  0.02624459,  0.        ],
 [ 0.58234024,  4.09446287,  0.        ]]
[[ 1.7458576 , -0.61383998,  0.        ],
 [ 4.64477205, -0.2415784 ,  0.        ],
 [ 0.4264079 ,  4.19505358,  0.        ]]
[[ 1.90154195, -0.7610023 ,  0.        ],
 [ 0.29083002,  4.20934486,  0.        ]]
[]
[[ 0.16189986, -0.36856693,  0.        ],
 [ 0.20686445,  5.42097282,  0.        ]]
[[ 1.91815245, -1.25753987,  0.        ]]
[]
[[ 4.9202137 , -1.59630811,  0.        ]]
[]
[[ 4.81077719, -1.42682528,  0.        ]]
[[ 2.56333518, -1.57113147,  0.        ]]
[]
[]
[[ 4.47675991, -0.90453935,  0.        ]]
[[ 4.27003288, -0.82150829,  0.        ]]
[[ 0.01936341, -0.1317765 ,  0.        ],
 [ 4.23002386, -0.70685464,  0.        ]]
[]
[]
[[0.3253521 , 5.31507111, 0.        ]]
[[ 0.15582259, -0.35734266,  0.        ]]
[[ 3.97253537, -0.0922513 ,  0.        ]]
[[ 4.04362249, -0.18675646,  0.        ]]
[[ 3.98653364, -0.0662415 ,  0.        ]]
[]
[[3.82388687, 0.04322992, 0.        ]]
[[ 4.55918407, -0.03475479,  0.        ],
 [ 2.91569901,  0.34791005,  0.        ]]
[[3.80987048, 0.32727927, 0.        ]]
[[3.87414742, 0.44680902, 0.        ]]
[[4.61702347, 0.57726777, 0.        ],
 [2.6197629 , 0.69589627, 0.        ]]
[[2.51926637, 0.77401239, 0.        ]]
[[3.06702447, 1.03788495, 0.        ]]
[[4.06751776, 0.86578321, 0.        ],
 [2.25734401, 0.91383773, 0.        ]]
[[2.62071085, 1.05642891, 0.        ]]
[[2.04305577, 1.15997112, 0.        ]]
[[2.41773057, 1.24371016, 0.        ]]
[[2.36909699, 1.50054944, 0.        ]]
[[2.27458763, 1.51542151, 0.        ]]
[[2.2025547 , 1.59152889, 0.        ],
 [0.46882254, 5.20727634, 0.        ]]
[[1.95903492, 1.67304218, 0.        ]]
[[1.44561076, 1.72842252, 0.        ]]
[[1.34889698, 1.82538009, 0.        ]]
[[1.22489202, 1.85910368, 0.        ]]
[[ 0.07262458, -0.16655982,  0.        ],
 [ 1.09346235,  2.02569699,  0.        ]]
[[0.998909  , 2.11011195, 0.        ]]
[]
[[1.09013474, 2.66620994, 0.        ]]
[[0.93729252, 2.85819721, 0.        ]]
[]
[]
[[0.86319292, 4.78492403, 0.        ]]
[]
[[0.48077241, 3.57037878, 0.        ]]
[[0.61854613, 3.98642349, 0.        ]]
[[ 0.30116922, -0.68836993,  0.        ],
 [ 0.58365792,  4.25338554,  0.        ]]
[[0.54246694, 4.44418287, 0.        ]]
[]
[]
[]
[]
[]
[]
[]
[]
[]
[]
[]
[]
[]
[]
[]
[]
[]
[]
[]
[]
[]
[]
[]
[]
[]
[[0.47560453, 5.18806839, 0.        ]]
[]
[]
[]
[]
[]
[]
[]
[]
[]
[]
[]
[]
[]
[[0.21197224, 5.40948915, 0.        ]]
[]
[[ 0.00025687, -0.00121334,  0.        ]]
[[ 0.00025909, -0.00122386,  0.        ]]
[[ 2.61874375e-04, -1.23699766e-03,  0.00000000e+00],
 [ 1.06085002e+00, -4.34937477e+00,  0.00000000e+00]]
[]
[]
[]
[]
[]
[]
[[ 1.30519485, -3.57915807,  0.        ]]
[[ 1.39094782, -3.54447317,  0.        ]]
[[ 1.43814111, -3.44445252,  0.        ]]
[[ 1.55439258, -3.390414  ,  0.        ]]
[[ 1.65595973, -3.36475062,  0.        ]]
[]
[[ 1.78411996, -3.2358849 ,  0.        ]]
[[0.1622985 , 0.20961195, 0.        ]]
[]
[[ 0.07782385,  0.11795985,  0.        ],
 [ 1.96971703, -2.92652369,  0.        ]]
[[0.04107156, 0.07200416, 0.        ]]
[[ 2.0514276 , -2.71473074,  0.        ]]
[[ 2.0765636 , -2.64424777,  0.        ]]
[[ 2.18305683, -2.562392  ,  0.        ]]
[[0.07377177, 0.00041284, 0.        ]]
[[ 2.30795455, -2.42433333,  0.        ]]
[[0.15329601, 0.17442456, 0.        ]]
[[0.17109042, 0.19289176, 0.        ]]
[]
[]
[[ 0.014889  , -0.07033015,  0.        ]]
[]
[[ 2.78432488, -1.97196651,  0.        ]]
[[ 0.05930304,  0.06960773,  0.        ],
 [ 2.83727598, -1.8716681 ,  0.        ]]
[]
[[ 2.93409014, -1.72190964,  0.        ]]
[]
[[ 3.06951833, -1.58079922,  0.        ]]
[[ 0.06190737,  0.07132424,  0.        ],
 [ 3.12031484, -1.49919975,  0.        ]]
[]
[]
[]
[]
[[ 0.07005641,  0.0802144 ,  0.        ],
 [ 3.51485467, -1.19675231,  0.        ]]
[[ 3.46645045, -1.10803378,  0.        ]]
[]
[[ 3.58241081, -0.90975398,  0.        ]]
[[ 3.64437556, -0.83056617,  0.        ]]
[[ 3.66162157, -0.72799164,  0.        ]]
[]
[[0.06931797, 0.08035879, 0.        ]]
[[ 3.84408545, -0.50977969,  0.        ]]
[[ 0.00887817, -0.04193721,  0.        ]]
[[0.04593982, 0.05325702, 0.        ]]
[[0.1384979 , 0.07048377, 0.        ]]
[]
[[0.18731819, 0.21183285, 0.        ]]
[]
[[ 4.20559978, -0.0908493 ,  0.        ]]
[[4.33290386, 0.01262134, 0.        ]]
[[4.384377  , 0.13468549, 0.        ]]
[]
[]
[[0.13898499, 0.17190184, 0.        ]]
[[0.16987042, 0.13599351, 0.        ]]
[[0.04875649, 0.05722858, 0.        ]]
[[0.10011116, 0.1153393 , 0.        ]]
[[0.16562992, 0.18805169, 0.        ]]
[]
[]
[[0.17148352, 0.19155195, 0.        ]]
[]
[]
[]
[[ 0.08020633, -0.00855973,  0.        ]]
[]
[[0.00287481, 0.00217108, 0.        ]]
[[0.00261818, 0.00339716, 0.        ]]
[[0.00376493, 0.00473451, 0.        ]]
[]
[]
[[ 1.06085002, -4.34937477,  0.        ]]
[]
[]
[]
[]
[]
[]
[[ 1.30519485, -3.57915807,  0.        ]]
[[ 1.39094782, -3.54447317,  0.        ]]
[[ 1.43814111, -3.44445252,  0.        ]]
[[ 1.55439258, -3.390414  ,  0.        ]]
[[ 1.65595973, -3.36475062,  0.        ]]
[]
[[ 1.78411996, -3.2358849 ,  0.        ]]
[[0.1622985 , 0.20961195, 0.        ]]
[]
[[ 0.07782385,  0.11795985,  0.        ],
 [ 1.96971703, -2.92652369,  0.        ]]
[[0.04107156, 0.07200416, 0.        ]]
[[ 2.0514276 , -2.71473074,  0.        ]]
[[ 2.0765636 , -2.64424777,  0.        ]]
[[ 2.18305683, -2.562392  ,  0.        ]]
[[0.07377177, 0.00041284, 0.        ]]
[[ 2.30795455, -2.42433333,  0.        ]]
[[0.15329601, 0.17442456, 0.        ]]
[[0.17109042, 0.19289176, 0.        ]]
[]
[]
[[ 0.014889  , -0.07033015,  0.        ]]
[]
[[ 2.78432488, -1.97196651,  0.        ]]
[[ 0.05930304,  0.06960773,  0.        ],
 [ 2.83727598, -1.8716681 ,  0.        ]]
[]
[[ 2.93409014, -1.72190964,  0.        ]]
[]
[[ 3.06951833, -1.58079922,  0.        ]]
[[ 0.06190737,  0.07132424,  0.        ],
 [ 3.12031484, -1.49919975,  0.        ]]
[]
[]
[]
[]
[[ 0.07005641,  0.0802144 ,  0.        ],
 [ 3.51485467, -1.19675231,  0.        ]]
[[ 3.46645045, -1.10803378,  0.        ]]
[]
[[ 3.58241081, -0.90975398,  0.        ]]
[[ 3.64437556, -0.83056617,  0.        ]]
[[ 3.66162157, -0.72799164,  0.        ]]
[]
[[0.06931797, 0.08035879, 0.        ]]
[[ 3.84408545, -0.50977969,  0.        ]]
[[ 0.00887817, -0.04193721,  0.        ]]
[]
[[0.00287481, 0.00217108, 0.        ]]
[[0.00261818, 0.00339716, 0.        ]]
[[0.00376493, 0.00473451, 0.        ]]
[]
[]
[[ 1.06085002, -4.34937477,  0.        ]]
[]
[]
[]
[]
[]
[]
[[ 1.30519485, -3.57915807,  0.        ]]
[[ 1.39094782, -3.54447317,  0.        ]]
[[ 1.43814111, -3.44445252,  0.        ]]
[[ 1.55439258, -3.390414  ,  0.        ]]
[[ 1.65595973, -3.36475062,  0.        ]]
[]
[[ 1.78411996, -3.2358849 ,  0.        ]]
[[0.1622985 , 0.20961195, 0.        ]]
[]
[[ 0.07782385,  0.11795985,  0.        ],
 [ 1.96971703, -2.92652369,  0.        ]]
[[0.04107156, 0.07200416, 0.        ]]
[[ 2.0514276 , -2.71473074,  0.        ]]
[[ 2.0765636 , -2.64424777,  0.        ]]
[[ 2.18305683, -2.562392  ,  0.        ]]
[[0.07377177, 0.00041284, 0.        ]]
[[ 2.30795455, -2.42433333,  0.        ]]
[[0.15329601, 0.17442456, 0.        ]]
[[0.17109042, 0.19289176, 0.        ]]
[]
[]
[[ 0.014889  , -0.07033015,  0.        ]]
[]
[[ 2.78432488, -1.97196651,  0.        ]]
[[ 0.05930304,  0.06960773,  0.        ],
 [ 2.83727598, -1.8716681 ,  0.        ]]
[]
[[ 2.93409014, -1.72190964,  0.        ]]
[]
[[ 3.06951833, -1.58079922,  0.        ]]
[[ 0.06190737,  0.07132424,  0.        ],
 [ 3.12031484, -1.49919975,  0.        ]]
[]
[]
[]
[]
[[ 0.07005641,  0.0802144 ,  0.        ],
 [ 3.51485467, -1.19675231,  0.        ]]
[[ 3.46645045, -1.10803378,  0.        ]]
[]
[[ 3.58241081, -0.90975398,  0.        ]]
[[ 3.64437556, -0.83056617,  0.        ]]
[[ 3.66162157, -0.72799164,  0.        ]]
[]
[[0.06931797, 0.08035879, 0.        ]]
[[ 3.84408545, -0.50977969,  0.        ]]
[[ 0.00887817, -0.04193721,  0.        ]]
[[0.04593982, 0.05325702, 0.        ]]
[[0.1384979 , 0.07048377, 0.        ]]
[]
[[0.18731819, 0.21183285, 0.        ]]
[]
[[ 4.20559978, -0.0908493 ,  0.        ]]
[[4.33290386, 0.01262134, 0.        ]]
[[4.384377  , 0.13468549, 0.        ]]
[]
[]
[[0.13898499, 0.17190184, 0.        ]]
[[0.16987042, 0.13599351, 0.        ]]
[[0.04875649, 0.05722858, 0.        ]]
[[0.10011116, 0.1153393 , 0.        ]]