-2.111260181902866860e-08
-4.830000102519984018e-01
2.963611302426733072e-03
-4.829909180424402093e-01
6.074390010087547809e-03
-4.949627324422448127e-01
9.111309961126702259e-03
-4.949161431510192277e-01
1.214788687648034153e-02
-4.948509205458994642e-01
1.518400643073855583e-02
-4.947670670824799166e-01
1.832997553126082882e-02
-4.976625442607872651e-01
2.146910711109657754e-02
-4.995388647941741977e-01
2.458288288183899800e-02
-5.003965117472997104e-01
2.776318773201467624e-02
-5.022332391565470511e-01
3.115091356688804575e-02
-5.070440188541931459e-01
3.453126689746802841e-02
-5.108342358425090879e-01
3.773860044659790858e-02
-5.116100172768026644e-01
4.087707014954491958e-02
-5.113688266580467268e-01
4.401400085383598559e-02
-5.111083832911340608e-01
4.779263405608268067e-02
-5.177990385212741797e-01
5.116492713240826384e-02
-5.194864441579716274e-01
5.476796015130225292e-02
-5.231409892363960701e-01
5.841774498570263818e-02
-5.267706680747732406e-01
6.164884941616015357e-02
-5.264023072126690073e-01
6.548969268740331695e-02
-5.309765797222858463e-01
6.964595355036812263e-02
-5.375066850766012649e-01
7.375020321102926379e-02
-5.430146254808522199e-01
7.834661432548119253e-02
-5.514624078820490327e-01
8.260923803509175045e-02
-5.569064015615868835e-01
8.617759163437435643e-02
-5.573772820390960892e-01
8.959597215052057806e-02
-5.568380137953893305e-01
9.334080134447600430e-02
-5.582503717252879083e-01
9.710633367987429876e-02
-5.596377230718517781e-01
1.007153801737172144e-01
-5.600155522020364707e-01
1.048818360217033119e-01
-5.633194620461136060e-01
1.104160756097178203e-01
-5.734668954891160020e-01
1.151032621163154968e-01
-5.786632942423873827e-01
1.216682846900457027e-01
-5.926397316916077740e-01
inf
-inf
inf
-inf
inf
-inf
inf
-inf
inf
-inf
inf
-inf
inf
-inf
inf
-inf
inf
-inf
inf
-inf
inf
-inf
inf
-inf
inf
-inf
inf
-inf
inf
-inf
inf
-inf
inf
-inf
inf
-inf
inf
-inf
inf
-inf
inf
-inf
inf
-inf
inf
-inf
inf
-inf
inf
-inf
inf
-inf
inf
-inf
inf
-inf
inf
-inf
inf
-inf
inf
-inf
inf
-inf
inf
-inf
inf
-inf
inf
-inf
inf
-inf
inf
-inf
inf
-inf
inf
-inf
inf
-inf
inf
-inf
inf
-inf
inf
-inf
inf
-inf
inf
-inf
inf
-inf
inf
-inf
inf
-inf
inf
-inf
inf
-inf
inf
-inf
inf
-inf
inf
-inf
inf
-inf
inf
-inf
inf
-inf
inf
-inf
inf
-inf
inf
-inf
inf
-inf
inf
-inf
inf
-inf
inf
-inf
inf
-inf
inf
-inf
inf
-inf
inf
-inf
inf
-inf
inf
-inf
inf
-inf
inf
-inf
inf
-inf
inf
-inf
inf
-inf
inf
-inf
inf
-inf
inf
-inf
inf
-inf
inf
-inf
inf
-inf
inf
-inf
inf
-inf
inf
-inf
inf
-inf
inf
-inf
inf
-inf
inf
-inf
inf
-inf
inf
-inf
inf
-inf
inf
-inf
inf
-inf
inf
-inf
inf
-inf
inf
-inf
inf
-inf
inf
-inf
inf
-inf
inf
-inf
inf
-inf
inf
-inf
inf
-inf
inf
-inf
inf
-inf
inf
-inf
inf
-inf
inf
-inf
inf
-inf
inf
-inf
inf
-inf
inf
-inf
inf
-inf
inf
-inf
inf
-inf
inf
-inf
inf
-inf
inf
-inf
inf
-inf
inf
-inf
inf
-inf
inf
-inf
inf
-inf
inf
-inf
inf
-inf
inf
-inf
inf
-inf
inf
-inf
inf
-inf
inf
-inf
inf
-inf
inf
-inf
inf
-inf
inf
-inf
inf
-inf
inf
-inf
inf
-inf
inf
-inf
inf
-inf
inf
-inf
inf
-inf
inf
-inf
inf
-inf
inf
-inf
inf
-inf
inf
-inf
inf
-inf
inf
-inf
inf
-inf
inf
-inf
inf
-inf
inf
-inf
inf
-inf
inf
-inf
inf
-inf
inf
-inf
inf
-inf
inf
-inf
inf
-inf
inf
-inf
inf
-inf
inf
-inf
inf
-inf
inf
-inf
inf
-inf
inf
-inf
inf
-inf
inf
-inf
inf
-inf
inf
-inf
inf
-inf
inf
-inf
inf
-inf
inf
-inf
inf
-inf
inf
-inf
inf
-inf
inf
-inf
inf
-inf
inf
-inf
inf
-inf
inf
-inf
inf
-inf
inf
-inf
inf
-inf
inf
-inf
inf
-inf
inf
-inf
inf
-inf
inf
-inf
inf
-inf
inf
-inf
inf
-inf
inf
-inf
inf
-inf
inf
-inf
inf
-inf
inf
-inf
inf
-inf
inf
-inf
inf
-inf
inf
-inf
inf
-inf
inf
-inf
inf
-inf
inf
-inf
inf
-inf
inf
-inf
inf
-inf
inf
-inf
inf
-inf
inf
-inf
inf
-inf
inf
-inf
inf
-inf
inf
-inf
inf
-inf
inf
-inf
inf
-inf
inf
-inf
inf
-inf
inf
-inf
inf
-inf
inf
-inf
inf
inf
inf
inf
inf
inf
inf
inf
inf
inf
inf
inf
inf
inf
inf
inf
inf
inf
inf
inf
inf
inf
inf
inf
inf
inf
inf
inf
inf
inf
inf
inf
inf
inf
inf
inf
inf
inf
4.838337734684167835e+00
5.967520130936124767e-01
4.701696119671898266e+00
6.092095387683805763e-01
4.697869572026671214e+00
6.380471362604113184e-01
4.693866152239403178e+00
6.668607116373157506e-01
4.689686011036594770e+00
6.956491800842157236e-01
4.695211636439743152e+00
7.259393916457625995e-01
inf
inf
inf
inf
inf
inf
inf
inf
inf
inf
inf
inf
inf
inf
inf
inf
inf
inf
inf
inf
inf
inf
inf
inf
inf
inf
inf
inf
inf
inf
inf
inf
inf
inf
inf
inf
inf
inf
inf
inf
inf
inf
inf
inf
inf
inf
inf
inf
inf
inf
inf
inf
inf
inf
inf
inf
inf
inf
inf
inf
inf
inf
inf
inf
inf
inf
inf
inf
inf
inf
inf
inf
inf
inf
inf
inf
inf
inf
inf
inf
inf
inf
inf
inf
inf
inf
inf
inf
inf
inf
inf
inf
inf
inf
inf
inf
inf
inf
inf
inf
inf
inf
2.420239569659206946e+00
1.236917164943561076e+00
2.362896614506690973e+00
1.225954026200156921e+00
2.298702902945759963e+00
1.210606964156373033e+00
2.238316260326844720e+00
1.196404973632152702e+00
2.172039170036171196e+00
1.178170881930076019e+00
2.114833234433103115e+00
1.163991647862408385e+00
2.061377294178812658e+00
1.151105963520321795e+00
1.969006867625088031e+00
1.115428620325477960e+00
1.943917768380246436e+00
1.117026486531694562e+00
1.926659482089608355e+00
1.122890611387392212e+00
1.908542005816387110e+00
1.128076436179347608e+00
1.900726664567761404e+00
1.139251728830210419e+00
1.892845866781994291e+00
1.150373480386425618e+00
1.875535544591510062e+00
1.155671113903018687e+00
1.860776036889959295e+00
1.162389162735283810e+00
1.848539565495903370e+00
1.170574780273188509e+00
1.836272890109714950e+00
1.178654118805713802e+00
1.828168072964855062e+00
1.189353804396489966e+00
1.813322101900694427e+00
1.195594687375133747e+00
1.805951935370343264e+00
1.206698516139515176e+00
1.784437043209135432e+00
1.208225688980725909e+00
1.773691603326045474e+00
1.216889146453220993e+00
1.762907154717954228e+00
1.225466312576685368e+00
1.747996333631246957e+00
1.231077928705837321e+00
1.739595698433491489e+00
1.241199486255152751e+00
1.730326103854647801e+00
1.250678429332377162e+00
1.722619512206333470e+00
1.261271967279111950e+00
1.706012847970513446e+00
1.265265375504833978e+00
1.698217210191293569e+00
1.275709455519535851e+00
1.690357635491091193e+00
1.286105505792125347e+00
1.706989643487018649e+00
1.315374940356540678e+00
1.743822205311998719e+00
1.360892223405890888e+00
inf
inf
inf
inf
inf
inf
inf
inf
inf
inf
inf
inf
inf
inf
inf
inf
inf
inf
inf
inf
inf
inf
inf
inf
inf
inf
inf
inf
nan
nan
inf
inf
inf
inf
inf
inf
inf
inf
inf
inf
inf
inf
inf
inf
inf
inf
inf
inf
inf
inf
inf
inf
inf
inf
inf
inf
inf
inf
inf
inf
inf
inf
inf
inf
5.441035669719854750e-01
6.386487970744526566e-01
5.208597213199631648e-01
6.190203352033043505e-01
4.953214229965051119e-01
5.960550737690586409e-01
4.821388833927423567e-01
5.874879425358022766e-01
4.760064909107080688e-01
5.873276716916173701e-01
4.686446094462102252e-01
5.855529267598352794e-01
4.687632343254083955e-01
5.931247790040512502e-01
4.595779783956703279e-01
5.888947702504937487e-01
4.535144003726087614e-01
5.885351692390973222e-01
4.280963099586012066e-01
5.626567103241089107e-01
4.060167329724235774e-01
5.404871980510103091e-01
3.979271186308587782e-01
5.365426220946317715e-01
3.916736684103475641e-01
5.349399228273614693e-01
3.860407693918904704e-01
5.340912818451998278e-01
3.827563797124708955e-01
5.364499294110626204e-01
3.794575794710463579e-01
5.387883799393838880e-01
3.772860736602375864e-01
5.427487782322923948e-01
3.762116591712763025e-01
5.483519089437911553e-01
3.728399529572316018e-01
5.506499777695026410e-01
3.672319241376135746e-01
5.496014297150166872e-01
3.594490474309881556e-01
5.451654598050570399e-01
3.522799502558293661e-01
5.414931877503358360e-01
3.489507788724856008e-01
5.436445434808995225e-01
3.456084696889581975e-01
5.457754313007562308e-01
3.443723357085830550e-01
5.512782087151643085e-01
3.472783622278551308e-01
5.635971431436386236e-01
3.557588461586555506e-01
5.853722291381754372e-01
3.562732027332720097e-01
5.944059478076687553e-01
3.546546142234904275e-01
6.000242843700609452e-01
3.660723947978539172e-01
6.281082701204301344e-01
3.796494845708980881e-01
6.606892657874375852e-01
4.002333100204021887e-01
7.065106224292169168e-01
inf
inf
inf
inf
inf
inf
inf
inf
inf
inf
9.487096894042972295e-01
1.828537582190235877e+00
9.101671459420104249e-01
1.780897460958315470e+00
8.942768894743039487e-01
1.776623116194659957e+00
8.833589002143924507e-01
1.782076851725839628e+00
8.724076529896795940e-01
1.787463493067788400e+00
8.640221411059729739e-01
1.798190968363608810e+00
8.529723835271807442e-01
1.803458658235825185e+00
8.423125319945482525e-01
1.809565086982670934e+00
8.311933928116405079e-01
1.814699355080047871e+00
8.220971245083398271e-01
1.824323717933079347e+00
8.116983290862421763e-01
1.831162173759557366e+00
8.004472489708981398e-01
1.836108190075995017e+00
7.875900376938944625e-01
1.837308560285567882e+00
7.778551043080872418e-01
1.845792653780776060e+00
7.668975460215635698e-01
1.851454549131700045e+00
7.547688374540089118e-01
1.854273004771008759e+00
7.441196041528909122e-01
1.860726150810405599e+00
7.341508281263795510e-01
1.868979975260866233e+00
7.255483710418663135e-01
1.880913525927175645e+00
7.157644177432239685e-01
1.890005801111880102e+00
7.041540858388950497e-01
1.894362070286524258e+00
6.932025963547434610e-01
1.900526024058648789e+00
6.815281382944187172e-01
1.904743658456453881e+00
6.698280210837423976e-01
1.908889580328880564e+00
6.587533361773590945e-01
1.914854936624000858e+00
6.485890765101072208e-01
1.923598735098938306e+00
6.380285975241702934e-01
1.931340255589208299e+00
6.277053888626094036e-01
1.939976052635666193e+00
6.163940710215515262e-01
1.945697534981544186e+00
6.044438916734340417e-01
1.949443030776342844e+00
5.924709553534115436e-01
1.953115131139584237e+00
5.804757128357896923e-01
1.956713697818758924e+00
5.684586157346904756e-01
1.960238595329859113e+00
5.594189938210285540e-01
1.974273176948539987e+00
5.472945501658852407e-01
1.977668542305543786e+00
5.341063382175401664e-01
1.977127921484434614e+00
5.229843041156440053e-01
1.984235773670782521e+00
5.107994169876096668e-01
1.987407392426457475e+00
5.007821352792334313e-01
1.999234528794551879e+00
4.885056354673970036e-01
2.002269635252904134e+00
4.764417850343654059e-01
2.006202226826966140e+00
4.663738271891471610e-01
2.018831237119558697e+00
inf
inf
inf
inf
inf
inf
nan
nan
inf
inf
inf
inf
inf
inf
inf
inf
inf
inf
inf
inf
inf
inf
inf
inf
inf
inf
inf
inf
inf
inf
inf
inf
inf
inf
inf
inf
inf
inf
inf
inf
inf
inf
inf
inf
inf
inf
inf
inf
inf
inf
inf
inf
inf
inf
inf
inf
inf
inf
inf
inf
inf
inf
inf
inf
inf
inf
inf
inf
inf
inf
inf
inf
