4.339999854564666748e-01
4.329999983310699463e-01
4.329999983310699463e-01
4.350000023841857910e-01
4.359999895095825195e-01
4.480000138282775879e-01
4.480000138282775879e-01
4.480000138282775879e-01
4.519999921321868896e-01
4.519999921321868896e-01
4.519999921321868896e-01
4.539999961853027344e-01
4.539999961853027344e-01
4.519999921321868896e-01
4.539999961853027344e-01
4.530000090599060059e-01
4.490000009536743164e-01
4.530000090599060059e-01
4.530000090599060059e-01
4.530000090599060059e-01
4.569999873638153076e-01
4.589999914169311523e-01
4.589999914169311523e-01
4.589999914169311523e-01
4.550000131130218506e-01
4.460000097751617432e-01
4.420000016689300537e-01
4.329999983310699463e-01
4.329999983310699463e-01
4.329999983310699463e-01
4.379999935626983643e-01
4.420000016689300537e-01
4.449999928474426270e-01
4.460000097751617432e-01
4.460000097751617432e-01
4.460000097751617432e-01
4.449999928474426270e-01
4.429999887943267822e-01
4.410000145435333252e-01
4.399999976158142090e-01
4.399999976158142090e-01
4.410000145435333252e-01
4.399999976158142090e-01
4.370000064373016357e-01
4.390000104904174805e-01
4.390000104904174805e-01
4.390000104904174805e-01
4.390000104904174805e-01
4.390000104904174805e-01
4.399999976158142090e-01
4.410000145435333252e-01
4.370000064373016357e-01
4.359999895095825195e-01
4.359999895095825195e-01
4.320000112056732178e-01
4.320000112056732178e-01
4.320000112056732178e-01
4.320000112056732178e-01
4.379999935626983643e-01
4.379999935626983643e-01
4.390000104904174805e-01
4.390000104904174805e-01
4.390000104904174805e-01
4.399999976158142090e-01
4.420000016689300537e-01
4.449999928474426270e-01
4.449999928474426270e-01
4.449999928474426270e-01
4.460000097751617432e-01
4.490000009536743164e-01
4.490000009536743164e-01
4.490000009536743164e-01
4.490000009536743164e-01
4.539999961853027344e-01
4.539999961853027344e-01
4.569999873638153076e-01
4.569999873638153076e-01
4.589999914169311523e-01
4.580000042915344238e-01
4.589999914169311523e-01
4.620000123977661133e-01
4.670000076293945312e-01
4.670000076293945312e-01
4.679999947547912598e-01
4.720000028610229492e-01
4.720000028610229492e-01
4.720000028610229492e-01
4.720000028610229492e-01
4.720000028610229492e-01
4.720000028610229492e-01
4.720000028610229492e-01
4.889999926090240479e-01
4.889999926090240479e-01
4.900000095367431641e-01
4.900000095367431641e-01
4.900000095367431641e-01
5.230000019073486328e-01
5.469999909400939941e-01
5.469999909400939941e-01
5.490000247955322266e-01
5.490000247955322266e-01
5.469999909400939941e-01
5.490000247955322266e-01
5.519999861717224121e-01
5.529999732971191406e-01
5.580000281333923340e-01
5.630000233650207520e-01
5.630000233650207520e-01
5.659999847412109375e-01
5.699999928474426270e-01
5.720000267028808594e-01
5.730000138282775879e-01
5.749999880790710449e-01
5.809999704360961914e-01
5.809999704360961914e-01
5.830000042915344238e-01
5.889999866485595703e-01
5.889999866485595703e-01
5.910000205039978027e-01
5.970000028610229492e-01
6.050000190734863281e-01
6.079999804496765137e-01
6.079999804496765137e-01
6.110000014305114746e-01
6.129999756813049316e-01
6.159999966621398926e-01
6.259999871253967285e-01
6.269999742507934570e-01
6.299999952316284180e-01
6.370000243186950684e-01
6.439999938011169434e-01
6.499999761581420898e-01
6.499999761581420898e-01
6.499999761581420898e-01
6.520000100135803223e-01
6.520000100135803223e-01
inf
inf
inf
inf
inf
inf
inf
inf
5.290999889373779297e+00
5.284999847412109375e+00
5.284999847412109375e+00
5.231999874114990234e+00
5.211999893188476562e+00
5.211999893188476562e+00
5.173999786376953125e+00
5.138999938964843750e+00
5.118000030517578125e+00
5.092999935150146484e+00
5.071000099182128906e+00
5.063000202178955078e+00
5.027999877929687500e+00
5.027999877929687500e+00
4.998000144958496094e+00
4.985000133514404297e+00
4.985000133514404297e+00
inf
inf
inf
inf
inf
inf
inf
inf
inf
inf
inf
inf
inf
inf
inf
inf
inf
inf
inf
inf
inf
inf
inf
inf
3.901000022888183594e+00
3.901000022888183594e+00
3.901000022888183594e+00
3.946000099182128906e+00
4.007999897003173828e+00
4.103000164031982422e+00
4.171000003814697266e+00
4.198999881744384766e+00
4.198999881744384766e+00
4.281000137329101562e+00
4.307000160217285156e+00
4.380000114440917969e+00
inf
inf
inf
inf
inf
inf
inf
inf
inf
inf
inf
inf
inf
inf
inf
inf
inf
inf
inf
inf
inf
inf
inf
inf
inf
inf
inf
inf
inf
inf
inf
inf
inf
inf
inf
inf
inf
inf
inf
inf
inf
inf
inf
inf
inf
inf
inf
inf
inf
inf
inf
inf
inf
inf
inf
nan
4.032000064849853516e+00
4.019000053405761719e+00
4.019000053405761719e+00
4.019000053405761719e+00
4.019000053405761719e+00
4.010000228881835938e+00
4.010000228881835938e+00
4.010000228881835938e+00
4.006000041961669922e+00
3.996999979019165039e+00
3.996000051498413086e+00
3.994999885559082031e+00
3.990999937057495117e+00
3.990999937057495117e+00
3.990999937057495117e+00
3.990999937057495117e+00
4.002999782562255859e+00
4.006999969482421875e+00
inf
inf
inf
inf
inf
inf
nan
4.047999858856201172e+00
4.046000003814697266e+00
4.047999858856201172e+00
4.046000003814697266e+00
4.047999858856201172e+00
4.051000118255615234e+00
4.052000045776367188e+00
4.072999954223632812e+00
4.072999954223632812e+00
4.072999954223632812e+00
4.072999954223632812e+00
4.068999767303466797e+00
4.068999767303466797e+00
4.079999923706054688e+00
4.087999820709228516e+00
4.087999820709228516e+00
4.087999820709228516e+00
4.089000225067138672e+00
4.098999977111816406e+00
4.104000091552734375e+00
4.113999843597412109e+00
4.118000030517578125e+00
4.127999782562255859e+00
4.127999782562255859e+00
4.127999782562255859e+00
4.131000041961669922e+00
4.135000228881835938e+00
4.151000022888183594e+00
4.158999919891357422e+00
4.159999847412109375e+00
4.168000221252441406e+00
4.182000160217285156e+00
4.184000015258789062e+00
4.198999881744384766e+00
4.198999881744384766e+00
4.212999820709228516e+00
4.217000007629394531e+00
4.217000007629394531e+00
4.302000045776367188e+00
4.369999885559082031e+00
4.369999885559082031e+00
4.369999885559082031e+00
inf
inf
inf
inf
inf
inf
3.726000070571899414e+00
3.726000070571899414e+00
3.726000070571899414e+00
3.739000082015991211e+00
3.759000062942504883e+00
3.759999990463256836e+00
3.775000095367431641e+00
3.778000116348266602e+00
3.799999952316284180e+00
3.805000066757202148e+00
3.806999921798706055e+00
3.834000110626220703e+00
3.842999935150146484e+00
3.851999998092651367e+00
3.862999916076660156e+00
3.875000000000000000e+00
3.875000000000000000e+00
3.875000000000000000e+00
2.864000082015991211e+00
2.858999967575073242e+00
2.848999977111816406e+00
2.844000101089477539e+00
2.844000101089477539e+00
2.844000101089477539e+00
inf
inf
inf
2.719000101089477539e+00
2.709000110626220703e+00
2.707999944686889648e+00
2.707999944686889648e+00
2.701999902725219727e+00
2.701999902725219727e+00
2.701999902725219727e+00
2.704999923706054688e+00
2.704999923706054688e+00
2.717999935150146484e+00
2.746999979019165039e+00
4.894000053405761719e+00
4.907999992370605469e+00
4.921999931335449219e+00
4.907999992370605469e+00
4.907999992370605469e+00
2.661999940872192383e+00
2.661999940872192383e+00
2.661999940872192383e+00
2.707000017166137695e+00
5.027999877929687500e+00
5.041999816894531250e+00
5.067999839782714844e+00
5.067999839782714844e+00
5.114999771118164062e+00
nan
inf
inf
nan
inf
inf
nan
inf
inf
inf
inf
inf
inf
inf
inf
inf
nan
inf
inf
inf
inf
inf
inf
inf
inf
inf
inf
inf
inf
inf
inf
inf
inf
inf
inf
inf
inf
inf
inf
inf
inf
inf
inf
inf
inf
inf
inf
inf
inf
inf
inf
inf
inf
inf
inf
inf
inf
inf
inf
inf
inf
inf
inf
inf
inf
inf
inf
inf
inf
inf
inf
inf
inf
inf
inf
inf
inf
inf
inf
inf
inf
inf
inf
inf
inf
inf
inf
1.687999963760375977e+00
1.567000031471252441e+00
1.495000004768371582e+00
1.465000033378601074e+00
1.442000031471252441e+00
1.421000003814697266e+00
1.411999940872192383e+00
1.406000018119812012e+00
1.404999971389770508e+00
1.386999964714050293e+00
1.381999969482421875e+00
1.378000020980834961e+00
1.375000000000000000e+00
1.368000030517578125e+00
1.356999993324279785e+00
1.355999946594238281e+00
1.348999977111816406e+00
1.345999956130981445e+00
1.343000054359436035e+00
1.343000054359436035e+00
1.342000007629394531e+00
1.340999960899353027e+00
1.340999960899353027e+00
1.332000017166137695e+00
1.332000017166137695e+00
1.330999970436096191e+00
1.328999996185302734e+00
1.307999968528747559e+00
1.123000025749206543e+00
1.123000025749206543e+00
1.123000025749206543e+00
1.123000025749206543e+00
1.128000020980834961e+00
1.128000020980834961e+00
1.123999953269958496e+00
1.123999953269958496e+00
1.123000025749206543e+00
1.123000025749206543e+00
1.123999953269958496e+00
1.241000056266784668e+00
1.340000033378601074e+00
1.345000028610229492e+00
1.348999977111816406e+00
1.348999977111816406e+00
1.350999951362609863e+00
1.351999998092651367e+00
1.355000019073486328e+00
